WER: 0.535546520348952
CER: 0.2907422228636656
KER: 0.705860395670026
