WER: 0.5221055540204477
CER: 0.2883772649146516
KER: 0.7682904068682344
