WER: 0.24116764694272294
CER: 0.14578440505399057
KER: 0.1429637924598731
