WER: 0.6862195555204674
CER: 0.4653161368198696
KER: 0.5108249346771183
